FMO	NA	NA	3	NA	NA	[[8,18];[32,42];[56,66];[80,90];[104,114];[128,138];[152,162]]	NA	
BID	1839	1	1	[[v1,0.0013];[v2,0.0013]]	[[v1,0];[v2,0]]	[[6,20];[30,44];[54,68];[78,92];[102,116];[126,140];[150,164]]	[[v1,1];[v2,1]]
BRA	1764	1	1	[[v1,0.0013];[v2,0.0013]]	[[v1,0];[v2,0]]	[[6,20];[30,44];[54,68];[78,92];[102,116];[126,140];[150,164]]	[[v1,1];[v2,1]]
DSD	1932	1	1	[[v1,0.0017];[v2,0.0017]]	[[v1,0];[v2,0]]	[[10,19];[34,43];[58,67];[82,91];[106,115];[130,139];[154,163]]	[[v1,1];[v2,1]]
GRA	1959	1	1	[[v1,0.0023];[v2,0.0023]]	[[v1,0];[v2,0]]	[[6,20];[30,44];[54,68];[78,92];[102,116];[126,140];[150,164]]	[[v1,1];[v2,1]]
HDA	627	1	1	[[v1,0.0056];[v2,0.0056]]	[[v1,0];[v2,0]]	[[10,19];[34,43];[58,67];[82,91];[106,115];[130,139];[154,163]]	[[v1,1];[v2,1]]
OSAD	1497	1	1	[[v1,0.0020];[v2,0.0020]]	[[v1,0];[v2,0]]	[[7,19];[31,43];[55,67];[79,91];[103,115];[127,139];[151,163]]	[[v1,1];[v2,1]]
OSC	1386	1	1	[[v1,0.0013];[v2,0.0013]]	[[v1,0];[v2,0]]	[[8,20];[32,44];[56,68];[80,92];[104,116];[128,140];[152,164]]	[[v1,1];[v2,1]]
OSO	750	1	1	[[v1,0.0017];[v2,0.0017]]	[[v1,0];[v2,0]]	[[10,18];[34,42];[58,66];[82,90];[106,114];[130,138];[154,162]]	[[v1,1];[v2,1]]
PPI	1500	1	1	[[v1,0.0022];[v2,0.0022]]	[[v1,0];[v2,0]]	[[6,22];[30,46];[54,70];[78,94];[102,118];[126,142];[150,166]]	[[v1,1];[v2,1]]
TBC	834	1	1	[[v1,0.0055];[v2,0.0055]]	[[v1,0];[v2,0]]	[[10,19];[34,43];[58,67];[82,91];[106,115];[130,139];[154,163]]	[[v1,1];[v2,1]]
TRW	735	1	1	[[v1,0.0027];[v2,0.0027]]	[[v1,0];[v2,0]]	[[12,16];[36,40];[60,64];[84,88];[108,112];[132,136];[156,160]]	[[v1,1];[v2,1]]
WVE	1350	1	1	[[v1,0.0024];[v2,0.0024]]	[[v1,0];[v2,0]]	[[6,22];[30,46];[54,70];[78,94];[102,118];[126,142];[150,166]]	[[v1,1];[v2,1]]
WAL	735	1	1	[[v1,0.0027];[v2,0.0027]]	[[v1,0];[v2,0]]	[[12,18];[36,42];[60,66];[84,90];[108,114];[132,138];[156,162]]	[[v1,1];[v2,1]]
